2131 -10.0 0.0 0.0 1.0
2115 -10.0 0.0 0.0 1.0
2121 -10.0 0.0 0.0 1.0
2132 -10.0 0.0 0.0 1.0
2141 -10.0 0.0 0.0 1.0
2832 -10.0 0.0 0.0 1.0
2086 -10.0 0.0 0.0 1.0
2123 -10.0 0.0 0.0 1.0
2132 -10.0 0.0 0.0 1.0
2136 -10.0 0.0 0.0 1.0
2336 -10.0 0.0 0.0 1.0
1433 -10.0 0.0 0.0 1.0
1516 -10.0 0.0 0.0 1.0
1826 -10.0 0.0 0.0 1.0
2635 -10.0 0.0 0.0 1.0
2644 -10.0 0.0 0.0 1.0
2764 -10.0 0.0 0.0 1.0
1808 -10.0 0.0 0.0 1.0
2149 -10.0 0.0 0.0 1.0
2452 -10.0 0.0 0.0 1.0
955 -10.0 0.0 0.0 1.0
1776 -10.0 0.0 0.0 1.0
1209 -10.0 0.0 0.0 1.0
1977 -10.0 0.0 0.0 1.0
2223 -10.0 0.0 0.0 1.0
19587 -10.0 0.0 0.0 1.0
19586 -10.0 0.0 0.0 1.0
19585 -10.0 0.0 0.0 1.0
19584 -10.0 0.0 0.0 1.0
19583 -10.0 0.0 0.0 1.0
19582 -10.0 0.0 0.0 1.0
19581 -10.0 0.0 0.0 1.0
19580 -10.0 0.0 0.0 1.0
19579 -10.0 0.0 0.0 1.0
19578 -10.0 0.0 0.0 1.0
19577 -10.0 0.0 0.0 1.0
19576 -10.0 0.0 0.0 1.0
19575 -10.0 0.0 0.0 1.0
19574 -10.0 0.0 0.0 1.0
19573 -10.0 0.0 0.0 1.0
19572 -10.0 0.0 0.0 1.0
19571 -10.0 0.0 0.0 1.0
19570 -10.0 0.0 0.0 1.0
19569 -10.0 0.0 0.0 1.0
19568 -10.0 0.0 0.0 1.0
19566 -10.0 0.0 0.0 1.0
19565 -10.0 0.0 0.0 1.0
19564 -10.0 0.0 0.0 1.0
19563 -10.0 0.0 0.0 1.0
19562 -10.0 0.0 0.0 1.0
19561 -10.000000, 0.000000, -90.000000, 0.899999
19560 -10.000000, 0.000000, -90.000000, 0.899999
19915 -10.000000, 0.000000, -90.000000, 0.899999
19830 -10.000000, 0.000000, -90.000000, 0.899999
19831 -10.000000, 0.000000, -90.000000, 0.899999
19824 -10.000000, 0.000000, -90.000000, 0.899999
19823 -10.000000, 0.000000, -90.000000, 0.899999
19822 -10.000000, 0.000000, -90.000000, 0.899999
19821 -10.000000, 0.000000, -90.000000, 0.899999
19820 -10.000000, 0.000000, -90.000000, 0.899999
19819 -10.000000, 0.000000, -90.000000, 0.899999
19818 -10.000000, 0.000000, -90.000000, 0.899999
19811 -10.000000, 0.000000, -90.000000, 0.899999
19592 -10.000000, 0.000000, -90.000000, 0.899999
19590 -10.000000, 0.000000, -90.000000, 0.899999
